%% input data
%% For Situation A
A = [-0.5, -4.7;
     6.1,-4.4;
      6, -7.5;
      0,-7.5;
    ];

B = [ 2.1,4.6;
    8,4.5;
    8.2,7.7;
    1.8,7.6;];

C = [1,0;
        6,1;
    8,4;
    1,5;];

D = [1,0;
    6,-1;
    8,-4;
    1,-5;];

F = [2,2;
       5.8,1.6;
       6,8;
       2.2,7.4]; %vertical domain I
   
   G = [2,-2;
       5.8,-1.6;
       6,-8;
       2.2,-7.4]; %vertical domain IV
   
H = [-5.8, 1.6;
    -2,2;
    -2.2,7.4;
    -6,8]; %vertical, domain II

J = [-5.8,-1.6;
    -2,-2;
    -2.2,-7.4;
    -6,-8]; %vertical, domain II
%result: -3.4095, -4.9068,1.7274
%% For Situation B

K = [2,2;
       8,1;
      6,5;
       1,5];
   
   %% Cases from Dr.Zhang
   AA = [1,5.5;
           9,5.6;
           8.5,2.6;
           0.5,2.4;]
       
   BB = [-4,-1.5;
             4,-1.6;
             3.5,-4.5;
             -4.5,-4.6;]
         
  CC = [-1.5,4.6;
      1.5,4.6;
      1.6,-1.6;
      -1.5,-1.6;]
  
DD = [1,5.5;
        9,5.5;
        9,2.5;
        1,2.5;]
   %%
   EE= [2,5.5;
       10,5.4;
       10.2, 2.4;
       2,2.5;]
   
   GG = [-4,-1.5;
          -1,-1.5;
          -1,-7.5;
          -3.9,-7.6]